设id为2
0000 01 02（id）

RPDO1：RPDO1，对应COB-ID为202
602 2F 00 16 00 00 00 00 00 //RPDO1 stop
602 23 00 16 01 10 00 40 60 //6040h
602 2F 00 16 00 01 00 00 00 // RPDO1 enable
RPDO2：RPDO2，对应COB-ID为302
602 2F 01 16 00 00 00 00 00 //RPDO2 stop
602 23 01 16 01 20 00 83 60 //6083h and 6084h
602 23 01 16 02 20 00 84 60 //6083h and 6084h
602 2F 01 16 00 02 00 00 00 // RPDO2 enable
RPDO3：RPDO3，对应COB-ID为402
602 2F 02 16 00 00 00 00 00 //RPDO3 stop
602 23 02 16 01 20 00 FF 60 //60FFh
602 2F 02 16 00 01 00 00 00 // RPDO3 enable
CANopen
设定速度模式
602 2F 60 60 00 03 00 00 00//设置6060h为3（速度控制为PV）
设置加减速
302 E8 03 00 00 E8 03 00 00 //设置加减速为1s
设定速度
402 64 00 00 00
使能
602 2B 40 60 00 06 00 00 00 //设置6040h为6
602 2B 40 60 00 07 00 00 00 //设置6040h为7
602 2B 40 60 00 0F 00 00 00 //设置6040h为F，使电机使能；

/*这里是设置为自动上传*/
602 2F 00 1a 00 00 00 00 00 //TPDO1 stop
602 23 00 1a 01 10 00 6C 60 //6041H
602 2F 00 1a 00 01 00 00 00 //TPDO1 enable
602 2F 00 18 05 32 00 00 00 //设置触发时间50ms
602 2F 00 18 03 32 00 00 00 //设置触发时间50ms
602 2F 00 18 02 fe 00 00 00 //254上报方式

上电完成上面的指令，之后设定速度发这个
402 64 00 00 00




